Sref = 46.492500 
Cref = 3.635000 
Bref = 14.676000 
X_cg = 2.250000 
Y_cg = 0.000000 
Z_cg = 0.000000 
Mach = 0.700000 
AoA = 5.000000 
Beta = 0.000000 
Vinf = 100.000000 
Rho = 0.002377 
ReCref = 10000000.000000 
ClMax = -1.000000 
MaxTurningAngle = -1.000000 
Symmetry = NO 
FarDist = -1.000000 
NumWakeNodes = 0 
WakeIters = 3 
NumberOfControlGroups = 1 
rudder
Vstab_Surf0_rudder
-1
35
Preconditioner = Matrix 
Karman-Tsien Correction = Y 
