Sref = 45.692500 
Cref = 3.618333 
Bref = 14.540000 
X_cg = 1.846 
Y_cg = 0.000 
Z_cg = 0.000 
Mach = 0.4 
AoA = 5 
Beta = 0 
Vinf = 100.000000 
Rho = 0.002377 
ReCref = 10000000.000000 
ClMax = 0.9692 
MaxTurningAngle = -1.000000 
Symmetry = NO 
FarDist = -1.000000 
NumWakeNodes = 0 
WakeIters = 3 
NumberOfControlGroups = 0 
Preconditioner = Matrix 
Karman-Tsien Correction = Y 
